P2
17 17
255
0 0 0 0 0 20 40 60 70 60 40 20 0 0 0 0 0
0 0 0 20 60 110 145 170 180 170 145 110 60 20 0 0 0
0 0 30 90 145 185 210 225 230 225 210 185 145 90 30 0 0
0 20 90 155 205 230 245 250 250 250 245 230 205 155 90 20 0
0 60 145 205 235 245 250 252 252 252 250 245 235 205 145 60 0
20 110 185 230 245 250 252 252 70 252 252 250 245 230 185 110 20
40 145 210 245 250 252 252 60 20 60 252 252 250 245 210 145 40
60 170 225 250 252 252 70 15 10 15 70 252 252 250 225 170 60
70 180 230 250 252 70 20 10 10 10 20 70 252 250 230 180 70
60 170 225 250 252 252 70 15 10 15 70 252 252 250 225 170 60
40 145 210 245 250 252 252 60 20 60 252 252 250 245 210 145 40
20 110 185 230 245 250 252 252 70 252 252 250 245 230 185 110 20
0 60 145 205 235 245 250 252 252 252 250 245 235 205 145 60 0
0 20 90 155 205 230 245 250 250 250 245 230 205 155 90 20 0
0 0 30 90 145 185 210 225 230 225 210 185 145 90 30 0 0
0 0 0 20 60 110 145 170 180 170 145 110 60 20 0 0 0
0 0 0 0 0 20 40 60 70 60 40 20 0 0 0 0 0
